Mean: 0.7646339676699355

0.8610567514677103
0.7307692307692307
0.7609058402860548
0.9411764705882353
0.7490064839991634
0.5964497041420118
0.7290788681517159
0.8926399664499896
0.6687192118226601
0.8244972577696527
0.8395828710894164
0.8318670576735093
0.8568486096807415
0.6535269709543569
0.8293103448275863
0.8723404255319149
0.891502808988764
0.8594126143476167
0.8420123565754634
0.8695043405208625
0.8165249088699879
0.7150537634408602
0.9348290598290598
0.8070866141732284
0.8326592517694641
0.7659574468085106
0.8454686289697909
0.8281389136242209
0.7762237762237763
0.7483181638306292
0.7403948772678762
0.5706521739130435
0.8611111111111112
0.9499358151476252
0.6680683311432326
0.835820895522388
0.8449304174950298
0.88125
0.8058355437665783
0.8114192495921697
0.9266770670826833
0.2263531984691088
0.7448034575015435
0.8879753340184995
0.8355048859934854
0.6575342465753424
0.8222222222222222
0.832365466511808
0.7255043227665706
0.8496732026143791
0.7480871100647439
0.9172809172809173
0.6290571870170015
0.7596782302664655
0.8590627153687113
0.7778061876757862
0.8223733938019653
0.6095270811863048
0.8584615384615385
0.8661940629153744
0.8272727272727273
0.4846606755500465
0.8165938864628821
0.8070175438596491
0.8535534816941852
0.7079207920792079
0.7780320366132724
0.7757936507936508
0.8796296296296297
0.7984790874524715
0.7853810264385692
0.8634962571554381
0.39961880559085133
0.7473252902344639
0.9428571428571428
0.7479173094723851
0.7503168567807351
0.8737928737928738
0.7838186034527184
0.4357894736842105
0.8232695139911634
0.7809694793536804
0.7287128712871287
0.6666666666666666
0.83876392684465
0.8075237399561724
0.7332339791356185
0.7943362831858407
0.8041933191186923
0.6704588547591961
0.7517006802721088
0.8419003115264797
0.9032258064516129
0.9229222520107239
0.8468382586590404
0.905521472392638
0.7936102236421725
0.7635881573133009
0.792016806722689
0.8465608465608465
0.8704730831973899
0.8350594553126198
0.4316546762589928
0.5878623188405797
0.7732154137713203
0.8944820909970959
0.0
0.8236024844720496
0.7108868060562364
0.48214285714285715
0.8763319825904248
0.9149338374291115
0.749648382559775
0.5238095238095238
0.8467924528301887
0.7360406091370558
0.8274692666384061
0.6364913375995005
0.28328370905997446
0.8653350515463918
0.8392370572207084
0.8432240921169176
0.7918552036199095
0.8788449466415568
0.5887907033046846
0.8543307086614174
0.34026005589986635
0.7799145299145299
0.8374875373878365
0.8133971291866029
0.7523510971786834
0.6426829268292683
0.5328495034377387
0.45215311004784686
0.881578947368421
0.7272727272727273
0.7714133711651002
0.9174005466140298
0.8282208588957055
0.8589473684210527
0.8940269749518305
0.8458546073425723
0.8172661870503597
0.8725663716814159
0.6
0.8265031408914149
0.7480397281756404
0.893523600439078
0.8375992939099736
0.8381849315068494
0.7959459459459459
0.6975568660488627
0.8906976744186047
0.8374233128834356
0.6492094861660079
0.8576290414066932
0.9023920372451437
0.837805956944854
0.8585293019783501
0.8376068376068376
0.8102981029810298
0.7012987012987013
0.8169934640522876
0.9089500193723363
0.884313725490196
0.7406281661600811
0.439522719843086
0.8170594837261503
0.7843347639484979
0.14338003281585257
0.7699433865156974
0.8922470433639947
0
0.8063063063063063
0.8807817589576548
0.9476584022038568
0.8165024630541872
0.8719904648390941
0.8551933282789992
0.6697674418604651
0.8875192604006163
0.7595884003741815
0.800441235459286
0.8181076672104405
0.6549295774647887
0.8618353682552186
0.5192307692307693
0.8708596948269446
0.7876230661040787
0.8432601880877743
0.6875
0.8136020151133502
0.7148014440433214
0.7805579522576934
0.853125
0.6896551724137931
0.8701007838745801
0.9180327868852459
0.7486910994764397
0.8666326009197751
0.8957345971563981
0.8047834518422754
0.8114086146682189
0.7947573898494144
0.5595637583892618
0.7479489516864175
0.7474332648870636
0.5782832216856209
0.8166732516791781
0.8181818181818182
0.7169117647058824
0.7655325443786982
0.4610079575596817
0.7794302096398494
0.765
0.8223684210526315
0.8784421715184894
0.8322017458777885
0.6513157894736842
0.40108695652173915
0.9222038306928352
0.9556313993174061
0.7919530934088153
0.2618595825426945
0.782608695652174
0.6970474967907574
0.839458413926499
0.8261953652097389
0.6632124352331606
0.7039337474120083
0.375
0.8284272497897393
0.8457463384231848
0.8155719878207917
0.7838899803536346
0.6614090431125131
0.9230769230769231
0.8385093167701864
0.8411474398519433
0.8782778864970646
0.8515369522563767
0.7900641025641025
0.8298153034300791
0.7628361858190709
0.7983310152990264
0.8086147821830642
0.16425707690438585
0.8687258687258688
0.8171912832929782
0.7692307692307693