Mean: 0.6997

0.8098591549295775
0.7717041800643086
0.7867155488462368
0.9696969696969697
0.6458936122857779
0.6195899772209568
0.7140625
0.8970136144049188
0.555247084952804
0.8675893410452385
0.8777545813036418
0.7579876434245366
0.4973913043478261
0.6782608695652174
0.8315412186379928
0.8294930875576036
0.353360768175583
0.34944103858636855
0.8428720083246618
0.7939866369710468
0.8465414567109483
0.7189728958630528
0.8054474708171206
0.5041752008823066
0.8285714285714286
0.4459147561163256
0.7906976744186046
0.9041769041769042
0.36164383561643837
0.5061936936936937
0.39760044642857145
0.49009384775808135
0.7901234567901234
0.8244994110718492
0.7546026567233745
0.8477435681147195
0.8353960396039604
0.7660283097418817
0.7570183930300097
0.7415584415584415
0.8217522658610272
0.8402537485582469
0.7896848137535817
0.830393487109905
0.746218487394958
0.6666666666666666
0.8633333333333333
0.7575933449409944
0.6354098360655738
0.7189542483660131
0.8471264367816091
0.8725128960943257
0.6087378640776699
0.660450997398092
0.6549618320610687
0.8511647972389992
0.7841584158415842
0.6529926832193834
0.7670454545454546
0.8020113136392206
0.5146759662888695
0.47715736040609136
0.7744888617638084
0.8466453674121406
0.8450704225352113
0.8384220480951095
0.88
0.7351351351351352
0.7596606974552309
0.6841463414634147
0.9431714023831348
0.8354838709677419
0.7318681318681318
0.8062477209189255
0.9428571428571428
0.34511762386647393
0.8477088948787062
0.20553684998129443
0.8420385395537525
0.5460374115936282
0.8482269503546099
0.7819905213270142
0.656782334384858
0.6029454230436038
0.8195278969957082
0.7909151636606546
0.8182952182952183
0.7791107974594214
0.4102951039570758
0.6590666191663698
0.7578347578347578
0.8199233716475096
0.7745341614906832
0.8360548661005879
0.8083242059145673
0.8073196986006459
0.6943483275663207
0.7683095347766007
0.8295365278868814
0.9016272189349113
0.8704730831973899
0.7684283727399166
0.4448742746615087
0.6014692378328742
0.6647398843930635
0.17501585288522511
0.0
0.7614525139664804
0.22589997583957477
0.4948939512961508
0.7748117727583846
0.3016823495865412
0.7130801687763713
0.5861358956760466
0.678082191780822
0.7474226804123711
0.769057453999249
0.5067018237749945
0.3461889548151529
0.8459250446162998
0.8341232227488151
0.8551111111111112
0.7272727272727273
0.726679104477612
0.6264400921658986
0.8072916666666666
0.7451782583284629
0.8149130562923667
0.7218045112781954
0.5108556832694764
0.627151051625239
0.2885973763874874
0.25720656155438765
0.47686230248307
0.9453912406083929
0.9069767441860465
0.5869565217391305
0.5115346038114343
0.724002616088947
0.8895612708018155
0.37438298949500065
0.8812615955473099
0.7730600292825769
0.8098620977852069
0.2616993030202456
0.753781512605042
0.7040618955512572
0.8584169453734671
0.8811767409790853
0.852183446007674
0.4579310344827586
0.804
0.6667994423421629
0.8474860335195531
0.20106382978723406
0.7960146827477713
0.7793522267206477
0.775438596491228
0.9047619047619048
0.857976653696498
0.3379559491900711
0.8292201382033564
0.7148175725986597
0.8038834951456311
0.9279316808998126
0.7414548641542507
0.6748711730827524
0.7449856733524355
0.8406050029086678
0.6495940037476577
0.7544041450777202
0.614305507447177
0
0.8005698005698005
0.36614645858343337
0.37180544105523494
0.8200455580865603
0.7910899653979239
0.8703703703703703
0.6386138613861386
0.859375
0.6431095406360424
0.41927007299270075
0.8202866593164277
0.6104928457869634
0.8792372881355932
0.7093821510297483
0.7278731836195509
0.8996386993175431
0.7778422273781903
0.7899305555555556
0.6440382941688425
0.7123025370990905
0.3887913887913888
0.8978978978978979
0.6896551724137931
0.6673170731707317
0.7287933094384708
0.7396449704142012
0.7139588100686499
0.6952573158425832
0.5025356194156001
0.6378454996456414
0.7268817204301076
0.5720876585928489
0.3964757709251101
0.7930174563591023
0.5894115718734634
0.8720123361603701
0.6447963800904978
0.7102803738317757
0.6708715596330275
0.8605380425812841
0.6965483396041223
0.7552611067809821
0.7912355447352404
0.9114165712103857
0.8411091549295775
0.7877813504823151
0.7054930509596293
0.4936128853096362
0.7985041794984602
0.829681686647375
0.8832229891534019
0.7302231237322515
0.7049275362318841
0.16291986247024598
0.5135407905803197
0.8023598820058997
0.8117647058823529
0.5772076961026147
0.7336701551786359
0.37903337487882566
0.7512110056190661
0.772972972972973
0.6019417475728155
0.7978723404255319
0.8066361556064073
0.8291702555268446
0.8508158508158508
0.8739495798319328
0.6668742216687422
0.649379932356257
0.6616541353383458
0.8913043478260869
0.7988245931283906
0.17880388063367308
0.8130081300813008
0.8615071283095723
0.7294776119402985