Mean: 0.7588417780013292

0.8480565371024735
0.7551020408163265
0.7620186558239656
0.8849116447666515
0.8250437390652337
0.8424606151537885
0.7431693989071039
0.7552577319587629
0.6233183856502242
0.6834532374100719
0.7924808310660401
0.8595613697575991
0.5058962264150944
0.7647058823529411
0.6933333333333334
0.9047619047619048
0.8700867318693486
0.7678806494076349
0.9015280135823429
0.8714121699196326
0.8402745995423341
0.6957746478873239
0.8522727272727273
0.8128342245989305
0.84375
0.763671875
0.8413461538461539
0.8995837669094693
0.8373955431754875
0.8439201451905626
0.9134615384615384
0.46160558464223383
0.9296842105263158
0.8105436573311368
0.8166295471417966
0.825368468066101
0.8338577721837633
0.8074283407347598
0.7846364883401921
0.7681117253418679
0.8242074927953891
0.22218564845292957
0.7558282208588957
0.7888446215139442
0.6622073578595318
0.1333703806612948
0.42016806722689076
0.6042240587695134
0.6995600251414205
0.6010928961748634
0.8002108592514496
0.7813351498637602
0.6147058823529412
0.7988136431043006
0.772957568081064
0.855406881485527
0.5806451612903226
0.6135386819484241
0.8787878787878788
0.8833455612619222
0.8632707774798928
0.815690488984417
0.47115675022651765
0.7919540229885057
0.8236714975845411
0.7107818088911599
0.875
0.8670634920634921
0.7988955361251726
0.7436208991494532
0.8653846153846154
0.8263317453443049
0.7364620938628159
0.9373169302870533
0.768
0.8584504740111147
0.6055444221776887
0.6883963494132985
0.7863289894270962
0.7279344858962693
0.7997791682002209
0.8157894736842105
0.6304008328995315
0.6266833698715941
0.8697729988052568
0.8754349338900487
0.7125668449197861
0.7658315935977731
0.8784074605451937
0.5795228628230616
0.7834394904458599
0.8407435799156765
0.4428232100441127
0.7626198083067093
0.7756756756756756
0.9172799528996173
0.7709431751611013
0.7841269841269841
0.8511796733212341
0.8713872832369942
0.8228770595690748
0.7834638151613519
0.5165775401069519
0.6042435424354243
0.764525993883792
0.7830508474576271
0.0
0.8106103822019395
0.6286484059272563
0.698811544991511
0.7290435249865663
0.8902513795217658
0.7306064880112835
0.5983606557377049
0.7796610169491526
0.2722411278561011
0.8494342906875544
0.4091045823724055
0.3156799259944496
0.8236520703008638
0.8170759697039247
0.9045302523563393
0.8142348754448399
0.846987951807229
0.5583955957530475
0.8820116054158608
0.8502994011976048
0.5177902621722846
0.8083623693379791
0.8598798970546182
0.8123009066405292
0.6800130208333334
0.8378378378378378
0.5299145299145299
0.8740416210295728
0.8153310104529616
0.8317407561279602
0.828107502799552
0.7342398022249691
0.8012139605462822
0.8858939802336029
0.847870182555781
0.8278917910447762
0.8315412186379928
0.8738081884464386
0.7613956105796286
0.7403846153846154
0.8562557497700092
0.86669921875
0.7934458788480635
0.8195437521280218
0.7956469165659008
0.7681216669958523
0.8474860335195531
0.5778210116731517
0.8675920982381207
0.8567237163814181
0.7490716180371353
0.8063439065108514
0.7612126245847176
0.7580645161290323
0.8073654390934845
0.8259911894273128
0.7295106574602221
0.8394239036973344
0.8277608915906788
0.6091097814140921
0.8434108527131783
0.8122222222222222
0.8431771894093686
0.7934834690943938
0.88515625
0.7880910683012259
0.8565240931239848
0.34828776214494295
0.4165680473372781
0.834902699309479
0.8013120899718837
0.82916837361737
0.6155717761557178
0.8134296642583936
0.8350515463917526
0.8654626623376623
0.8066104078762306
0.5326504481434059
0.8335285260163962
0.7234401349072512
0.8428524265434136
0.4496034049139098
0.779243119266055
0.8516129032258064
0.8364779874213837
0.7549467275494672
0.918837975441749
0.9017341040462428
0.81195079086116
0.8148148148148148
0.8795056642636457
0.8512720156555773
0.8212669683257918
0.7559055118110236
0.8630779539870449
0.8260869565217391
0.718052738336714
0.7050216162287994
0.7050191407911527
0.7730061349693251
0.6124410933081998
0.8500772797527048
0.9090909090909091
0.7692307692307693
0.5458860759493671
0.8867064188004209
0.7789032483409012
0.8494031221303948
0.798921832884097
0.9343761922930179
0.7994652406417112
0.7877813504823151
0.7337698368660526
0.854631507775524
0.7597741094700261
0.7752575174279471
0.7777777777777778
0.7059948979591837
0.6920245398773006
0.8337408312958435
0.7598455598455598
0.8126984126984127
0.75
0.7744879786286732
0.7155771905424201
0.8244803695150116
0.8922503108164112
0.7350096711798839
0.6628895184135978
0.3639304488475536
0.7867768595041322
0.8028248587570621
0.8142403947832217
0.867012869722285
0.7310495626822158
0.6133828996282528
0.7494145199063232
0.9370185772541912
0.8318181818181818
0.21202924541316043
0.8319928507596068
0.792213288192975
0.8650887573964497